;
;         File: C:\Users\CTluck\Desktop\Application Creator\EP_Corridor_1.txt
;         Date: Wednesday, May 8, 2019 9:41:37 PM
; Surface Name: EP_Corridor1
; Surface Desc: 
;   Point Type: Breakline
;       Format: ID, Northing, Easting, Elevation
;    Pen Order: One then Zeroes
;
         1              199929.94           1032000.88                 0.00     1
         2              199931.86           1032006.86                 0.00     0
         3              199933.79           1032012.83                 0.00     0
         4              199935.71           1032018.81                 0.00     0
         5              199937.63           1032024.78                 0.00     0
         6              199939.62           1032030.73                 0.00     0
         7              199941.61           1032036.68                 0.00     0
         8              199943.59           1032042.62                 0.00     0
         9              199945.58           1032048.57                 0.00     0
        10              199947.53           1032054.53                 0.00     0
        11              199949.48           1032060.49                 0.00     0
        12              199951.44           1032066.46                 0.00     0
        13              199953.39           1032072.42                 0.00     0
        14              199955.38           1032078.36                 0.00     0
        15              199957.37           1032084.31                 0.00     0
        16              199959.36           1032090.25                 0.00     0
        17              199961.35           1032096.20                 0.00     0
        18              199963.42           1032102.11                 0.00     0
        19              199965.48           1032108.02                 0.00     0
        20              199967.55           1032113.93                 0.00     0
        21              199969.61           1032119.84                 0.00     0
        22              199971.80           1032125.70                 0.00     0
        23              199973.99           1032131.56                 0.00     0
        24              199976.17           1032137.42                 0.00     0
        25              199978.36           1032143.27                 0.00     0
        26              199980.91           1032148.97                 0.00     0
        27              199983.46           1032154.67                 0.00     0
        28              199986.01           1032160.36                 0.00     0
        29              199988.56           1032166.06                 0.00     0
        30              199991.46           1032171.60                 0.00     0
        31              199994.36           1032177.13                 0.00     0
        32              199997.27           1032182.67                 0.00     0
        33              200000.17           1032188.21                 0.00     0
        34              200003.10           1032193.74                 0.00     0
        35              200006.03           1032199.26                 0.00     0
        36              200008.96           1032204.79                 0.00     0
        37              200011.89           1032210.32                 0.00     0
        38              200014.83           1032215.83                 0.00     0
        39              200017.78           1032221.35                 0.00     0
        40              200020.73           1032226.87                 0.00     0
        41              200023.68           1032232.39                 0.00     0
        42              200026.61           1032237.91                 0.00     0
        43              200029.55           1032243.43                 0.00     0
        44              200032.49           1032248.95                 0.00     0
        45              200035.43           1032254.48                 0.00     0
        46              200037.96           1032259.18                 0.00     0
        47              200040.48           1032263.89                 0.00     0
        48              200043.29           1032269.66                 0.00     0
        49              200046.09           1032275.44                 0.00     0
        50              200048.89           1032281.22                 0.00     0
        51              200051.69           1032287.00                 0.00     0
        52              200054.52           1032292.57                 0.00     0
        53              200057.35           1032298.15                 0.00     0
        54              200060.18           1032303.73                 0.00     0
        55              200063.00           1032309.31                 0.00     0
        56              200067.69           1032317.51                 0.00     0
        57              200131.58           1032416.72                 0.00     1
        58              200129.98           1032414.24                 0.00     0
        59              200128.39           1032411.76                 0.00     0
        60              200126.79           1032409.28                 0.00     0
        61              200125.19           1032406.80                 0.00     0
        62              200123.59           1032404.32                 0.00     0
        63              200122.00           1032401.84                 0.00     0
        64              200120.40           1032399.36                 0.00     0
        65              200118.80           1032396.88                 0.00     0
        66              200117.21           1032394.40                 0.00     0
        67              200115.61           1032391.92                 0.00     0
        68              200114.01           1032389.44                 0.00     0
        69              200112.41           1032386.96                 0.00     0
        70              200110.82           1032384.48                 0.00     0
        71              200109.22           1032381.99                 0.00     0
        72              200107.62           1032379.51                 0.00     0
        73              200106.02           1032377.03                 0.00     0
        74              200104.43           1032374.55                 0.00     0
        75              200102.83           1032372.07                 0.00     0
        76              200101.23           1032369.59                 0.00     0
        77              200099.64           1032367.11                 0.00     0
        78              200098.04           1032364.63                 0.00     0
        79              200096.44           1032362.15                 0.00     0
        80              200094.84           1032359.67                 0.00     0
        81              200093.25           1032357.19                 0.00     0
        82              200091.65           1032354.71                 0.00     0
        83              200090.05           1032352.23                 0.00     0
        84              200088.46           1032349.75                 0.00     0
        85              200086.86           1032347.27                 0.00     0
        86              200085.26           1032344.79                 0.00     0
        87              200083.66           1032342.31                 0.00     0
        88              200082.07           1032339.83                 0.00     0
        89              200080.47           1032337.35                 0.00     0
        90              200078.87           1032334.87                 0.00     0
        91              200077.28           1032332.39                 0.00     0
        92              200075.68           1032329.91                 0.00     0
        93              200074.08           1032327.43                 0.00     0
        94              200072.48           1032324.95                 0.00     0
        95              200070.89           1032322.47                 0.00     0
        96              200069.29           1032319.99                 0.00     0
        97              200067.69           1032317.51                 0.00     0
        98              200131.58           1032416.72                 0.00     1
        99              200136.62           1032423.52                 0.00     0
       100              200141.66           1032430.32                 0.00     0
       101              200145.63           1032435.15                 0.00     0
       102              200149.60           1032439.98                 0.00     0
       103              200153.56           1032444.81                 0.00     0
       104              200157.53           1032449.64                 0.00     0
       105              200162.85           1032455.79                 0.00     0
       106              200168.17           1032461.93                 0.00     0
       107              200171.05           1032467.88                 0.00     0
       108              200173.93           1032473.82                 0.00     0
       109              200176.81           1032479.76                 0.00     0
       110              200179.69           1032485.70                 0.00     0
       111              200183.64           1032490.55                 0.00     0
       112              200187.58           1032495.40                 0.00     0
       113              200191.53           1032500.25                 0.00     0
       114              200195.47           1032505.09                 0.00     0
       115              200199.54           1032509.73                 0.00     0
       116              200203.61           1032514.37                 0.00     0
       117              200207.69           1032519.01                 0.00     0
       118              200211.76           1032523.65                 0.00     0
       119              200211.76           1032523.65                 0.00     1
       120              200212.60           1032524.58                 0.00     0
       121              200213.44           1032525.50                 0.00     0
       122              200214.28           1032526.43                 0.00     0
       123              200215.12           1032527.35                 0.00     0
       124              200215.97           1032528.28                 0.00     0
       125              200216.81           1032529.20                 0.00     0
       126              200217.65           1032530.13                 0.00     0
       127              200218.49           1032531.05                 0.00     0
       128              200219.33           1032531.98                 0.00     0
       129              200220.17           1032532.90                 0.00     0
       130              200221.02           1032533.83                 0.00     0
       131              200221.86           1032534.75                 0.00     0
       132              200222.70           1032535.68                 0.00     0
       133              200223.54           1032536.60                 0.00     0
       134              200224.38           1032537.53                 0.00     0
       135              200225.23           1032538.45                 0.00     0
       136              200226.07           1032539.38                 0.00     0
       137              200226.91           1032540.30                 0.00     0
       138              200227.75           1032541.23                 0.00     0
       139              200228.59           1032542.15                 0.00     0
       140              200229.44           1032543.07                 0.00     0
       141              200230.28           1032544.00                 0.00     0
       142              200231.12           1032544.92                 0.00     0
       143              200231.96           1032545.85                 0.00     0
       144              200232.80           1032546.77                 0.00     0
       145              200233.64           1032547.70                 0.00     0
       146              200234.49           1032548.62                 0.00     0
       147              200235.33           1032549.55                 0.00     0
       148              200236.17           1032550.47                 0.00     0
       149              200237.01           1032551.40                 0.00     0
       150              200237.85           1032552.32                 0.00     0
       151              200238.70           1032553.25                 0.00     0
       152              200239.54           1032554.17                 0.00     0
       153              200240.38           1032555.10                 0.00     0
       154              200241.22           1032556.02                 0.00     0
       155              200242.06           1032556.95                 0.00     0
       156              200242.91           1032557.87                 0.00     0
       157              200243.75           1032558.80                 0.00     0
       158              200244.59           1032559.72                 0.00     0
       159              200245.43           1032560.65                 0.00     0
       160              200245.43           1032560.65                 0.00     1
       161              200249.61           1032565.21                 0.00     0
       162              200253.78           1032569.78                 0.00     0
       163              200257.95           1032574.35                 0.00     0
       164              200262.13           1032578.91                 0.00     0
       165              200266.32           1032583.49                 0.00     0
       166              200270.51           1032588.07                 0.00     0
       167              200274.70           1032592.65                 0.00     0
       168              200278.89           1032597.22                 0.00     0
       169              200283.13           1032601.88                 0.00     0
       170              200287.36           1032606.53                 0.00     0
       171              200291.60           1032611.19                 0.00     0
       172              200295.83           1032615.84                 0.00     0
       173              200301.00           1032621.46                 0.00     0
       174              200304.93           1032625.23                 0.00     0
       175              200308.87           1032629.01                 0.00     0
       176              200310.56           1032630.66                 0.00     0
       177              200313.61           1032633.93                 0.00     0
       178              200317.36           1032639.18                 0.00     0
       179              200321.10           1032644.44                 0.00     0
       180              200324.85           1032649.69                 0.00     0
       181              200328.59           1032654.94                 0.00     0
       182              200332.61           1032659.89                 0.00     0
       183              200336.63           1032664.84                 0.00     0
       184              200340.64           1032669.79                 0.00     0
       185              200344.66           1032674.74                 0.00     0
       186              200348.65           1032679.86                 0.00     0
       187              200352.64           1032684.97                 0.00     0
       188              200356.62           1032690.09                 0.00     0
       189              200360.61           1032695.20                 0.00     0
       190              200364.37           1032700.30                 0.00     0
       191              200368.14           1032705.40                 0.00     0
       192              200371.90           1032710.49                 0.00     0
       193              200375.66           1032715.59                 0.00     0
       194              200379.29           1032720.82                 0.00     0
       195              200382.93           1032726.06                 0.00     0
       196              200386.56           1032731.29                 0.00     0
       197              200390.19           1032736.53                 0.00     0
       198              200393.83           1032741.83                 0.00     0
       199              200397.48           1032747.13                 0.00     0
       200              200401.13           1032752.43                 0.00     0
       201              200404.78           1032757.73                 0.00     0
       202              200408.08           1032763.21                 0.00     0
       203              200411.39           1032768.70                 0.00     0
       204              200414.70           1032774.18                 0.00     0
       205              200418.01           1032779.66                 0.00     0
       206              200421.32           1032785.10                 0.00     0
       207              200424.63           1032790.54                 0.00     0
       208              200427.95           1032795.99                 0.00     0
       209              200431.26           1032801.43                 0.00     0
       210              200434.41           1032806.93                 0.00     0
       211              200437.56           1032812.42                 0.00     0
       212              200440.71           1032817.92                 0.00     0
       213              200443.86           1032823.42                 0.00     0
       214              200447.01           1032829.02                 0.00     0
       215              200450.14           1032834.62                 0.00     0
       216              200453.28           1032840.22                 0.00     0
       217              200456.42           1032845.83                 0.00     0
       218              200460.53           1032853.11                 0.00     0
       219              200464.64           1032860.39                 0.00     0
       220              200464.64           1032860.39                 0.00     1
       221              200467.10           1032864.76                 0.00     0
       222              200469.55           1032869.13                 0.00     0
       223              200472.01           1032873.50                 0.00     0
       224              200474.47           1032877.87                 0.00     0
       225              200477.52           1032883.34                 0.00     0
       226              200480.56           1032888.82                 0.00     0
       227              200483.61           1032894.29                 0.00     0
       228              200486.65           1032899.76                 0.00     0
       229              200489.71           1032905.23                 0.00     0
       230              200492.77           1032910.70                 0.00     0
       231              200495.83           1032916.17                 0.00     0
       232              200498.89           1032921.64                 0.00     0
       233              200501.64           1032926.50                 0.00     0
       234              200504.40           1032931.37                 0.00     0
       235              200597.35           1033321.47                 0.00     1
       236              200595.96           1033311.54                 0.00     0
       237              200594.52           1033301.62                 0.00     0
       238              200593.03           1033291.70                 0.00     0
       239              200591.49           1033281.78                 0.00     0
       240              200589.91           1033271.87                 0.00     0
       241              200588.27           1033261.97                 0.00     0
       242              200586.59           1033252.07                 0.00     0
       243              200584.86           1033242.18                 0.00     0
       244              200583.08           1033232.30                 0.00     0
       245              200581.25           1033222.43                 0.00     0
       246              200579.37           1033212.56                 0.00     0
       247              200577.45           1033202.70                 0.00     0
       248              200575.48           1033192.85                 0.00     0
       249              200573.46           1033183.01                 0.00     0
       250              200571.39           1033173.18                 0.00     0
       251              200569.28           1033163.35                 0.00     0
       252              200567.11           1033153.54                 0.00     0
       253              200564.90           1033143.74                 0.00     0
       254              200562.65           1033133.94                 0.00     0
       255              200560.34           1033124.16                 0.00     0
       256              200557.99           1033114.39                 0.00     0
       257              200555.59           1033104.64                 0.00     0
       258              200553.14           1033094.89                 0.00     0
       259              200550.64           1033085.16                 0.00     0
       260              200548.10           1033075.43                 0.00     0
       261              200545.51           1033065.73                 0.00     0
       262              200542.88           1033056.03                 0.00     0
       263              200540.19           1033046.35                 0.00     0
       264              200537.47           1033036.68                 0.00     0
       265              200534.69           1033027.03                 0.00     0
       266              200531.87           1033017.39                 0.00     0
       267              200529.00           1033007.77                 0.00     0
       268              200526.08           1032998.16                 0.00     0
       269              200523.12           1032988.57                 0.00     0
       270              200520.12           1032978.99                 0.00     0
       271              200517.06           1032969.43                 0.00     0
       272              200513.96           1032959.89                 0.00     0
       273              200510.82           1032950.37                 0.00     0
       274              200507.63           1032940.86                 0.00     0
       275              200504.40           1032931.37                 0.00     0
       276              200597.35           1033321.47                -0.00     1
       277              200597.12           1033332.05                 5.66     0
       278              200596.87           1033342.75                11.15     0
       279              200596.60           1033353.59                16.46     0
       280              200596.32           1033364.55                21.59     0
       281              200596.03           1033375.64                26.53     0
       282              200595.73           1033386.84                31.29     0
       283              200595.42           1033398.15                35.84     0
       284              200595.09           1033409.56                40.20     0
       285              200594.75           1033421.08                44.36     0
       286              200594.39           1033432.69                48.32     0
       287              200594.02           1033444.40                52.06     0
       288              200593.64           1033456.19                55.60     0
       289              200593.25           1033468.05                58.92     0
       290              200592.85           1033479.99                62.02     0
       291              200592.43           1033492.00                64.91     0
       292              200592.01           1033504.07                67.58     0
       293              200591.57           1033516.20                70.03     0
       294              200591.12           1033528.37                72.25     0
       295              200590.65           1033540.59                74.24     0
       296              200590.18           1033552.84                76.01     0
       297              200589.70           1033565.12                77.55     0
       298              200589.21           1033577.43                78.87     0
       299              200588.70           1033589.76                79.95     0
       300              200588.19           1033602.09                80.81     0
       301              200587.66           1033614.43                81.43     0
       302              200587.13           1033626.77                81.83     0
       303              200586.59           1033639.10                82.00     0
       304              200586.04           1033651.42                81.94     0
       305              200585.48           1033663.72                81.65     0
       306              200584.91           1033675.99                81.14     0
       307              200584.34           1033688.23                80.41     0
       308              200583.75           1033700.43                79.45     0
       309              200583.16           1033712.58                78.27     0
       310              200582.57           1033724.68                76.87     0
       311              200581.97           1033736.73                75.25     0
       312              200581.36           1033748.71                73.42     0
       313              200580.74           1033760.63                71.38     0
       314              200580.12           1033772.47                69.13     0
       315              200579.50           1033784.24                66.67     0
       316              200578.87           1033795.92                64.01     0
       317              200579.10           1033792.86                63.95     1
       318              200578.63           1033798.98                64.08     0
       319              200578.17           1033805.10                64.22     0
       320              200577.70           1033811.22                64.35     0
       321              200577.23           1033817.35                64.49     0
       322              200576.53           1033825.50                64.67     0
       323              200575.83           1033833.65                64.86     0
       324              200575.08           1033841.80                65.05     0
       325              200574.33           1033849.95                65.24     0
       326              200573.58           1033858.10                65.43     0
       327              200572.82           1033866.25                65.62     0
       328              200572.24           1033872.21                65.76     0
       329              200571.65           1033878.17                65.90     0
       330              200571.06           1033884.13                66.04     0
       331              200570.48           1033890.09                66.18     0
       332              200569.81           1033896.04                66.33     0
       333              200569.14           1033901.99                66.47     0
       334              200568.38           1033907.93                66.62     0
       335              200567.61           1033913.87                66.77     0
       336              200566.76           1033919.79                66.93     0
       337              200565.71           1033926.45                67.11     0
       338              200564.54           1033933.08                67.28     0
       339              200563.36           1033939.72                67.46     0
       340              200562.02           1033946.32                67.63     0
       341              200560.68           1033952.93                67.79     0
       342              200558.72           1033961.70                68.00     0
       343              200557.34           1033967.53                68.11     0
       344              200555.88           1033973.35                68.21     0
       345              200554.41           1033979.16                68.31     0
       346              200552.64           1033985.66                68.38     0
       347              200550.86           1033992.16                68.45     0
       348              200548.99           1033998.62                68.50     0
       349              200547.51           1034003.45                68.53     0
       350              200546.03           1034008.28                68.55     0
       351              200543.66           1034015.48                68.59     0
       352              200541.29           1034022.67                68.63     0
       353              200539.42           1034027.93                68.66     0
       354              200537.55           1034033.18                68.70     0
       355              200535.60           1034038.41                68.74     0
       356              200533.64           1034043.63                68.78     0
       357              200531.68           1034048.86                68.82     0
       358              200529.72           1034054.09                68.86     0
       359              200526.26           1034063.16                68.90     0
       360              200522.81           1034072.24                68.94     0
       361              200519.35           1034081.32                68.99     0
       362              200515.90           1034090.40                69.03     0
       363              200512.49           1034099.49                69.06     0
       364              200509.07           1034108.59                69.09     0
       365              200507.10           1034113.91                69.10     0
       366              200505.13           1034119.24                69.11     0
       367              200503.15           1034124.56                69.12     0
       368              200501.18           1034129.88                69.14     0
       369              200499.20           1034135.09                69.15     0
       370              200497.21           1034140.30                69.16     0
       371              200495.23           1034145.50                69.16     0
       372              200493.25           1034150.71                69.17     0
       373              200491.23           1034155.72                69.16     0
       374              200489.22           1034160.73                69.15     0
       375              200487.21           1034165.74                69.14     0
       376              200485.19           1034170.75                69.13     0
       377              200483.10           1034175.72                69.11     0
       378              200481.01           1034180.70                69.09     0
       379              200477.45           1034188.94                69.07     0
       380              200473.78           1034197.12                69.07     0
       381              200470.12           1034205.31                69.06     0
       382              200466.00           1034214.13                69.07     0
       383              200461.87           1034222.94                69.08     0
       384              200457.63           1034231.70                69.10     0
       385              200454.36           1034238.23                69.13     0
       386              200451.10           1034244.76                69.15     0
       387              200447.78           1034251.15                69.18     0
       388              200444.46           1034257.53                69.22     0
       389              200439.93           1034265.99                69.27     0
       390              200435.27           1034274.37                69.31     0
       391              200430.60           1034282.76                69.36     0
       392              200426.53           1034289.77                69.40     0
       393              200422.46           1034296.78                69.43     0
       394              200418.30           1034303.73                69.46     0
       395              200415.13           1034308.92                69.47     0
       396              200411.96           1034314.10                69.49     0
       397              200407.07           1034321.80                69.51     0
       398              200402.18           1034329.51                69.53     0
       399              200402.18           1034329.51                 0.00     1
       400              200398.48           1034335.38                 0.00     0
       401              200394.79           1034341.26                 0.00     0
       402              200391.09           1034347.14                 0.00     0
       403              200387.39           1034353.01                 0.00     0
       404              200384.05           1034358.30                 0.00     0
       405              200380.71           1034363.58                 0.00     0
       406              200377.36           1034368.87                 0.00     0
       407              200374.02           1034374.16                 0.00     0
       408              200370.55           1034379.36                 0.00     0
       409              200367.09           1034384.56                 0.00     0
       410              200363.62           1034389.76                 0.00     0
       411              200360.16           1034394.96                 0.00     0
       412              200356.77           1034400.21                 0.00     0
       413              200353.38           1034405.46                 0.00     0
       414              200349.99           1034410.71                 0.00     0
       415              200346.60           1034415.96                 0.00     0
       416              200343.19           1034421.20                 0.00     0
       417              200339.78           1034426.44                 0.00     0
       418              200336.38           1034431.68                 0.00     0
       419              200332.97           1034436.92                 0.00     0
       420              200329.61           1034442.19                 0.00     0
       421              200326.25           1034447.46                 0.00     0
       422              200322.89           1034452.73                 0.00     0
       423              200319.53           1034458.00                 0.00     0
       424              200316.26           1034463.32                 0.00     0
       425              200312.98           1034468.65                 0.00     0
       426              200309.71           1034473.97                 0.00     0
       427              200306.44           1034479.30                 0.00     0
       428              200303.23           1034484.66                 0.00     0
       429              200300.02           1034490.02                 0.00     0
       430              200296.81           1034495.38                 0.00     0
       431              200293.60           1034500.74                 0.00     0
       432              200290.57           1034506.20                 0.00     0
       433              200287.54           1034511.67                 0.00     0
       434              200284.51           1034517.14                 0.00     0
       435              200281.48           1034522.60                 0.00     0
       436              200278.56           1034528.12                 0.00     0
       437              200275.64           1034533.65                 0.00     0
       438              200272.72           1034539.17                 0.00     0
       439              200269.80           1034544.69                 0.00     0
       440              200267.05           1034550.31                 0.00     0
       441              200264.31           1034555.92                 0.00     0
       442              200261.57           1034561.53                 0.00     0
       443              200258.82           1034567.15                 0.00     0
       444              200256.21           1034572.82                 0.00     0
       445              200253.60           1034578.50                 0.00     0
       446              200250.99           1034584.18                 0.00     0
       447              200248.38           1034589.85                 0.00     0
       448              200246.00           1034595.63                 0.00     0
       449              200243.62           1034601.41                 0.00     0
       450              200241.24           1034607.19                 0.00     0
       451              200238.87           1034612.97                 0.00     0
       452              200236.67           1034618.82                 0.00     0
       453              200234.48           1034624.67                 0.00     0
       454              200232.29           1034630.52                 0.00     0
       455              200230.09           1034636.37                 0.00     0
       456              200228.24           1034641.56                 0.00     0
       457              200226.38           1034646.76                 0.00     0
       458              200224.52           1034651.96                 0.00     0
       459              200222.67           1034657.16                 0.00     0
       460              200191.97           1034764.76                79.67     1
       461              200193.50           1034758.43                79.48     0
       462              200195.03           1034752.10                79.30     0
       463              200196.56           1034745.77                79.12     0
       464              200198.08           1034739.44                78.94     0
       465              200199.82           1034732.95                78.74     0
       466              200201.56           1034726.46                78.55     0
       467              200203.29           1034719.98                78.36     0
       468              200205.03           1034713.49                78.16     0
       469              200207.13           1034706.39                77.95     0
       470              200209.22           1034699.28                77.73     0
       471              200211.32           1034692.17                77.51     0
       472              200213.41           1034685.06                77.30     0
       473              200215.73           1034678.08                77.07     0
       474              200218.04           1034671.11                76.85     0
       475              200220.36           1034664.13                76.62     0
       476              200222.67           1034657.16                76.40     0
       477              200191.96           1034764.82                79.67     1
       478              200190.79           1034770.06                79.81     0
       479              200189.61           1034775.29                79.95     0
       480              200188.52           1034780.54                80.07     0
       481              200187.42           1034785.79                80.20     0
       482              200186.32           1034791.04                80.33     0
       483              200185.22           1034796.29                80.46     0
       484              200183.82           1034803.52                80.61     0
       485              200182.41           1034810.74                80.77     0
       486              200181.15           1034817.99                80.96     0
       487              200179.70           1034827.48                81.29     0
       488              200178.45           1034837.00                81.67     0
       489              200177.20           1034846.52                82.06     0
       490              200176.53           1034851.83                82.25     0
       491              200175.87           1034857.14                82.44     0
       492              200175.20           1034862.46                82.62     0
       493              200174.54           1034867.77                82.81     0
       494              200173.92           1034873.09                82.98     0
       495              200173.31           1034878.41                83.15     0
       496              200172.62           1034885.13                83.36     0
       497              200171.93           1034891.84                83.58     0
       498              200171.13           1034900.81                83.87     0
       499              200170.47           1034909.80                84.15     0
       500              200169.80           1034918.78                84.44     0
       501              200169.46           1034924.62                84.63     0
       502              200169.12           1034930.47                84.82     0
       503              200168.84           1034936.32                85.01     0
       504              200168.56           1034942.17                85.20     0
       505              200168.28           1034948.01                85.39     0
       506              200168.01           1034953.86                85.58     0
       507              200167.77           1034959.30                85.74     0
       508              200167.53           1034964.73                85.91     0
       509              200167.29           1034970.17                86.07     0
       510              200167.05           1034975.60                86.24     0
       511              200166.81           1034981.03                86.41     0
       512              200166.58           1034986.47                86.57     0
       513              200166.34           1034991.90                86.74     0
       514              200166.10           1034997.34                86.90     0
       515              200165.85           1035003.44                87.03     0
       516              200165.59           1035009.54                87.17     0
       517              200165.34           1035015.65                87.30     0
       518              200165.08           1035021.75                87.43     0
       519              200164.90           1035027.85                87.56     0
       520              200164.71           1035033.96                87.69     0
       521              200164.59           1035040.75                87.85     0
       522              200164.47           1035047.54                88.01     0
       523              200164.43           1035054.34                88.18     0
       524              200164.39           1035061.13                88.35     0
       525              200164.35           1035067.92                88.52     0
       526              200164.31           1035074.72                88.69     0
       527              200164.30           1035083.26                88.89     0
       528              200164.29           1035091.81                89.08     0
       529              200164.29           1035100.35                89.27     0
       530              200164.28           1035108.90                89.47     0
       531              199910.37           1032007.23                 0.00     1
       532              199911.95           1032012.12                 0.00     0
       533              199913.88           1032018.05                 0.00     0
       534              199915.81           1032023.99                 0.00     0
       535              199917.74           1032029.93                 0.00     0
       536              199919.67           1032035.87                 0.00     0
       537              199921.60           1032041.81                 0.00     0
       538              199923.55           1032047.74                 0.00     0
       539              199925.49           1032053.67                 0.00     0
       540              199927.43           1032059.60                 0.00     0
       541              199929.37           1032065.53                 0.00     0
       542              199931.34           1032071.43                 0.00     0
       543              199933.30           1032077.33                 0.00     0
       544              199935.27           1032083.22                 0.00     0
       545              199937.24           1032089.12                 0.00     0
       546              199939.27           1032095.03                 0.00     0
       547              199941.31           1032100.93                 0.00     0
       548              199943.35           1032106.84                 0.00     0
       549              199945.38           1032112.74                 0.00     0
       550              199947.44           1032118.55                 0.00     0
       551              199949.50           1032124.35                 0.00     0
       552              199951.56           1032130.16                 0.00     0
       553              199953.62           1032135.96                 0.00     0
       554              199955.81           1032141.71                 0.00     0
       555              199958.01           1032147.46                 0.00     0
       556              199960.21           1032153.21                 0.00     0
       557              199962.40           1032158.96                 0.00     0
       558              199964.76           1032164.75                 0.00     0
       559              199967.12           1032170.53                 0.00     0
       560              199969.47           1032176.32                 0.00     0
       561              199971.83           1032182.11                 0.00     0
       562              199974.25           1032187.75                 0.00     0
       563              199976.67           1032193.40                 0.00     0
       564              199979.08           1032199.04                 0.00     0
       565              199981.50           1032204.68                 0.00     0
       566              199984.02           1032210.29                 0.00     0
       567              199986.53           1032215.89                 0.00     0
       568              199989.04           1032221.50                 0.00     0
       569              199991.55           1032227.11                 0.00     0
       570              199994.23           1032232.75                 0.00     0
       571              199996.92           1032238.40                 0.00     0
       572              199999.60           1032244.04                 0.00     0
       573              200002.29           1032249.68                 0.00     0
       574              200005.02           1032255.20                 0.00     0
       575              200007.75           1032260.71                 0.00     0
       576              200010.48           1032266.23                 0.00     0
       577              200013.22           1032271.74                 0.00     0
       578              200016.09           1032277.29                 0.00     0
       579              200018.97           1032282.84                 0.00     0
       580              200021.85           1032288.39                 0.00     0
       581              200024.73           1032293.93                 0.00     0
       582              200027.69           1032299.33                 0.00     0
       583              200030.64           1032304.72                 0.00     0
       584              200033.60           1032310.12                 0.00     0
       585              200036.56           1032315.52                 0.00     0
       586              200039.60           1032320.83                 0.00     0
       587              200042.64           1032326.15                 0.00     0
       588              200045.69           1032331.47                 0.00     0
       589              200048.73           1032336.79                 0.00     0
       590              200050.37           1032339.52                 0.00     0
       591              200112.67           1032435.23                 0.00     1
       592              200111.11           1032432.83                 0.00     0
       593              200109.55           1032430.44                 0.00     0
       594              200107.99           1032428.05                 0.00     0
       595              200106.44           1032425.66                 0.00     0
       596              200104.88           1032423.26                 0.00     0
       597              200103.32           1032420.87                 0.00     0
       598              200101.76           1032418.48                 0.00     0
       599              200100.21           1032416.08                 0.00     0
       600              200098.65           1032413.69                 0.00     0
       601              200097.09           1032411.30                 0.00     0
       602              200095.53           1032408.91                 0.00     0
       603              200093.98           1032406.51                 0.00     0
       604              200092.42           1032404.12                 0.00     0
       605              200090.86           1032401.73                 0.00     0
       606              200089.30           1032399.34                 0.00     0
       607              200087.75           1032396.94                 0.00     0
       608              200086.19           1032394.55                 0.00     0
       609              200084.63           1032392.16                 0.00     0
       610              200083.07           1032389.77                 0.00     0
       611              200081.52           1032387.37                 0.00     0
       612              200079.96           1032384.98                 0.00     0
       613              200078.40           1032382.59                 0.00     0
       614              200076.84           1032380.20                 0.00     0
       615              200075.29           1032377.80                 0.00     0
       616              200073.73           1032375.41                 0.00     0
       617              200072.17           1032373.02                 0.00     0
       618              200070.61           1032370.62                 0.00     0
       619              200069.06           1032368.23                 0.00     0
       620              200067.50           1032365.84                 0.00     0
       621              200065.94           1032363.45                 0.00     0
       622              200064.38           1032361.05                 0.00     0
       623              200062.83           1032358.66                 0.00     0
       624              200061.27           1032356.27                 0.00     0
       625              200059.71           1032353.88                 0.00     0
       626              200058.15           1032351.48                 0.00     0
       627              200056.60           1032349.09                 0.00     0
       628              200055.04           1032346.70                 0.00     0
       629              200053.48           1032344.31                 0.00     0
       630              200051.92           1032341.91                 0.00     0
       631              200050.37           1032339.52                 0.00     0
       632              200112.67           1032435.23                 0.00     1
       633              200117.30           1032441.79                 0.00     0
       634              200121.01           1032446.81                 0.00     0
       635              200124.73           1032451.83                 0.00     0
       636              200128.45           1032456.86                 0.00     0
       637              200132.17           1032461.88                 0.00     0
       638              200136.10           1032466.95                 0.00     0
       639              200140.04           1032472.01                 0.00     0
       640              200143.97           1032477.08                 0.00     0
       641              200147.90           1032482.15                 0.00     0
       642              200151.81           1032487.02                 0.00     0
       643              200155.73           1032491.90                 0.00     0
       644              200159.64           1032496.78                 0.00     0
       645              200163.56           1032501.66                 0.00     0
       646              200167.58           1032506.44                 0.00     0
       647              200171.61           1032511.22                 0.00     0
       648              200175.63           1032516.01                 0.00     0
       649              200179.66           1032520.79                 0.00     0
       650              200183.79           1032525.48                 0.00     0
       651              200187.92           1032530.17                 0.00     0
       652              200192.05           1032534.86                 0.00     0
       653              200196.19           1032539.54                 0.00     0
       654              200200.35           1032544.21                 0.00     0
       655              200204.51           1032548.87                 0.00     0
       656              200208.67           1032553.54                 0.00     0
       657              200212.83           1032558.21                 0.00     0
       658              200212.83           1032558.21                 0.00     1
       659              200213.66           1032559.14                 0.00     0
       660              200214.50           1032560.07                 0.00     0
       661              200215.33           1032561.00                 0.00     0
       662              200216.17           1032561.93                 0.00     0
       663              200217.00           1032562.86                 0.00     0
       664              200217.84           1032563.79                 0.00     0
       665              200218.67           1032564.72                 0.00     0
       666              200219.51           1032565.65                 0.00     0
       667              200220.34           1032566.58                 0.00     0
       668              200221.18           1032567.51                 0.00     0
       669              200222.01           1032568.44                 0.00     0
       670              200222.85           1032569.37                 0.00     0
       671              200223.68           1032570.30                 0.00     0
       672              200224.52           1032571.23                 0.00     0
       673              200225.36           1032572.16                 0.00     0
       674              200226.19           1032573.09                 0.00     0
       675              200227.03           1032574.02                 0.00     0
       676              200227.86           1032574.95                 0.00     0
       677              200228.70           1032575.88                 0.00     0
       678              200229.53           1032576.81                 0.00     0
       679              200230.37           1032577.74                 0.00     0
       680              200231.20           1032578.67                 0.00     0
       681              200232.04           1032579.60                 0.00     0
       682              200232.87           1032580.53                 0.00     0
       683              200233.71           1032581.46                 0.00     0
       684              200234.54           1032582.39                 0.00     0
       685              200235.38           1032583.32                 0.00     0
       686              200236.21           1032584.25                 0.00     0
       687              200237.05           1032585.18                 0.00     0
       688              200237.88           1032586.11                 0.00     0
       689              200238.72           1032587.04                 0.00     0
       690              200239.55           1032587.97                 0.00     0
       691              200240.39           1032588.90                 0.00     0
       692              200241.22           1032589.83                 0.00     0
       693              200242.06           1032590.76                 0.00     0
       694              200242.90           1032591.69                 0.00     0
       695              200243.73           1032592.62                 0.00     0
       696              200244.57           1032593.55                 0.00     0
       697              200245.40           1032594.48                 0.00     0
       698              200246.24           1032595.42                 0.00     0
       699              200246.24           1032595.42                 0.00     1
       700              200250.21           1032599.73                 0.00     0
       701              200254.18           1032604.04                 0.00     0
       702              200258.15           1032608.35                 0.00     0
       703              200262.13           1032612.66                 0.00     0
       704              200266.37           1032617.25                 0.00     0
       705              200270.62           1032621.84                 0.00     0
       706              200274.87           1032626.43                 0.00     0
       707              200279.11           1032631.02                 0.00     0
       708              200283.33           1032635.64                 0.00     0
       709              200287.55           1032640.27                 0.00     0
       710              200291.76           1032644.89                 0.00     0
       711              200295.98           1032649.51                 0.00     0
       712              200300.07           1032654.26                 0.00     0
       713              200304.16           1032659.01                 0.00     0
       714              200308.25           1032663.75                 0.00     0
       715              200312.33           1032668.50                 0.00     0
       716              200316.34           1032673.31                 0.00     0
       717              200320.35           1032678.13                 0.00     0
       718              200324.35           1032682.94                 0.00     0
       719              200328.36           1032687.75                 0.00     0
       720              200332.21           1032692.70                 0.00     0
       721              200336.06           1032697.65                 0.00     0
       722              200339.91           1032702.60                 0.00     0
       723              200343.76           1032707.56                 0.00     0
       724              200347.45           1032712.61                 0.00     0
       725              200351.14           1032717.66                 0.00     0
       726              200354.83           1032722.72                 0.00     0
       727              200358.52           1032727.77                 0.00     0
       728              200362.11           1032732.90                 0.00     0
       729              200365.70           1032738.03                 0.00     0
       730              200369.29           1032743.16                 0.00     0
       731              200372.88           1032748.29                 0.00     0
       732              200376.38           1032753.49                 0.00     0
       733              200379.88           1032758.70                 0.00     0
       734              200383.37           1032763.90                 0.00     0
       735              200386.87           1032769.10                 0.00     0
       736              200391.93           1032777.05                 0.00     0
       737              200396.98           1032784.99                 0.00     0
       738              200434.35           1032850.16                 0.00     1
       739              200431.18           1032844.12                 0.00     0
       740              200426.78           1032835.93                 0.00     0
       741              200422.38           1032827.74                 0.00     0
       742              200417.44           1032819.10                 0.00     0
       743              200412.50           1032810.46                 0.00     0
       744              200408.65           1032803.95                 0.00     0
       745              200404.80           1032797.45                 0.00     0
       746              200400.89           1032791.22                 0.00     0
       747              200396.98           1032784.99                 0.00     0
       748              200434.35           1032850.16                 0.00     1
       749              200436.89           1032855.08                 0.00     0
       750              200439.43           1032860.01                 0.00     0
       751              200441.97           1032864.93                 0.00     0
       752              200444.51           1032869.86                 0.00     0
       753              200448.82           1032878.88                 0.00     0
       754              200453.14           1032887.90                 0.00     0
       755              200455.74           1032893.59                 0.00     0
       756              200458.35           1032899.27                 0.00     0
       757              200460.95           1032904.95                 0.00     0
       758              200463.56           1032910.63                 0.00     0
       759              200466.02           1032916.37                 0.00     0
       760              200468.49           1032922.12                 0.00     0
       761              200470.96           1032927.87                 0.00     0
       762              200473.43           1032933.61                 0.00     0
       763              200475.55           1032938.77                 0.00     0
       764              200477.67           1032943.94                 0.00     0
       765              200479.83           1032949.59                 0.00     0
       766              200482.00           1032955.25                 0.00     0
       767              200484.16           1032960.90                 0.00     0
       768              200486.32           1032966.55                 0.00     0
       769              200488.45           1032972.43                 0.00     0
       770              200490.57           1032978.31                 0.00     0
       771              200492.69           1032984.19                 0.00     0
       772              200494.82           1032990.07                 0.00     0
       773              200496.81           1032995.99                 0.00     0
       774              200498.80           1033001.92                 0.00     0
       775              200500.79           1033007.84                 0.00     0
       776              200502.78           1033013.76                 0.00     0
       777              200504.57           1033019.61                 0.00     0
       778              200506.36           1033025.46                 0.00     0
       779              200508.15           1033031.30                 0.00     0
       780              200509.94           1033037.15                 0.00     0
       781              200511.63           1033043.17                 0.00     0
       782              200513.31           1033049.19                 0.00     0
       783              200514.99           1033055.21                 0.00     0
       784              200516.68           1033061.23                 0.00     0
       785              200518.20           1033067.29                 0.00     0
       786              200519.72           1033073.35                 0.00     0
       787              200521.24           1033079.41                 0.00     0
       788              200522.76           1033085.47                 0.00     0
       789              200524.14           1033091.57                 0.00     0
       790              200525.51           1033097.67                 0.00     0
       791              200526.88           1033103.77                 0.00     0
       792              200528.25           1033109.87                 0.00     0
       793              200529.43           1033115.85                 0.00     0
       794              200530.61           1033121.83                 0.00     0
       795              200531.80           1033127.81                 0.00     0
       796              200532.98           1033133.79                 0.00     0
       797              200534.10           1033139.94                 0.00     0
       798              200535.23           1033146.09                 0.00     0
       799              200536.36           1033152.23                 0.00     0
       800              200537.48           1033158.38                 0.00     0
       801              200538.38           1033164.57                 0.00     0
       802              200539.28           1033170.75                 0.00     0
       803              200540.18           1033176.93                 0.00     0
       804              200541.08           1033183.12                 0.00     0
       805              200541.83           1033189.18                 0.00     0
       806              200542.58           1033195.24                 0.00     0
       807              200543.33           1033201.30                 0.00     0
       808              200544.09           1033207.36                 0.00     0
       809              200544.72           1033213.58                 0.00     0
       810              200545.36           1033219.81                 0.00     0
       811              200545.99           1033226.03                 0.00     0
       812              200546.62           1033232.25                 0.00     0
       813              200547.29           1033240.84                 0.00     0
       814              200547.96           1033249.42                 0.00     0
       815              200548.31           1033255.66                 0.00     0
       816              200548.66           1033261.90                 0.00     0
       817              200549.01           1033268.14                 0.00     0
       818              200549.36           1033274.37                 0.00     0
       819              200549.58           1033280.62                 0.00     0
       820              200549.80           1033286.86                 0.00     0
       821              200550.02           1033293.11                 0.00     0
       822              200550.24           1033299.35                 0.00     0
       823              200550.33           1033305.61                 0.00     0
       824              200550.41           1033311.86                 0.00     0
       825              200550.50           1033318.11                 0.00     0
       826              200550.58           1033324.36                 0.00     0
       827              200550.64           1033330.52                 0.00     0
       828              200550.70           1033336.68                 0.00     0
       829              200550.76           1033342.83                 0.00     0
       830              200550.82           1033348.99                 0.00     0
       831              200550.79           1033355.24                 0.00     0
       832              200550.76           1033361.49                 0.00     0
       833              200550.73           1033367.74                 0.00     0
       834              200550.70           1033373.99                 0.00     0
       835              200550.52           1033380.98                 0.00     0
       836              200550.36           1033387.48                 0.00     0
       837              200550.19           1033393.97                 0.00     0
       838              200550.12           1033397.97                 0.00     0
       839              200550.02           1033398.97                 0.00     0
       840              200549.85           1033405.22                 0.00     0
       841              200549.68           1033411.47                 0.00     0
       842              200549.52           1033417.71                 0.00     0
       843              200549.35           1033423.96                 0.00     0
       844              200549.21           1033430.17                 0.00     0
       845              200549.06           1033436.37                 0.00     0
       846              200548.91           1033442.58                 0.00     0
       847              200548.76           1033448.78                 0.00     0
       848              200548.58           1033455.03                 0.00     0
       849              200548.40           1033461.27                 0.00     0
       850              200548.21           1033467.52                 0.00     0
       851              200548.03           1033473.77                 0.00     0
       852              200547.80           1033480.01                 0.00     0
       853              200547.58           1033486.25                 0.00     0
       854              200547.35           1033492.50                 0.00     0
       855              200547.12           1033498.74                 0.00     0
       856              200546.88           1033504.99                 0.00     0
       857              200546.63           1033511.23                 0.00     0
       858              200546.38           1033517.47                 0.00     0
       859              200546.14           1033523.72                 0.00     0
       860              200545.89           1033529.96                 0.00     0
       861              200545.64           1033536.20                 0.00     0
       862              200545.40           1033542.45                 0.00     0
       863              200545.15           1033548.69                 0.00     0
       864              200544.88           1033554.93                 0.00     0
       865              200544.62           1033561.18                 0.00     0
       866              200544.36           1033567.42                 0.00     0
       867              200544.09           1033573.66                 0.00     0
       868              200543.78           1033579.88                 0.00     0
       869              200543.47           1033586.10                 0.00     0
       870              200543.17           1033592.33                 0.00     0
       871              200542.86           1033598.55                 0.00     0
       872              200542.53           1033604.79                 0.00     0
       873              200542.20           1033611.03                 0.00     0
       874              200541.88           1033617.26                 0.00     0
       875              200541.55           1033623.50                 0.00     0
       876              200541.22           1033629.74                 0.00     0
       877              200540.89           1033635.98                 0.00     0
       878              200540.56           1033642.22                 0.00     0
       879              200540.23           1033648.46                 0.00     0
       880              200539.83           1033654.70                 0.00     0
       881              200539.43           1033660.93                 0.00     0
       882              200539.03           1033667.17                 0.00     0
       883              200538.63           1033673.41                 0.00     0
       884              200538.21           1033679.82                 0.00     0
       885              200537.80           1033686.24                 0.00     0
       886              200537.38           1033692.66                 0.00     0
       887              200536.96           1033699.08                 0.00     0
       888              200536.54           1033705.31                 0.00     0
       889              200536.12           1033711.55                 0.00     0
       890              200535.69           1033717.78                 0.00     0
       891              200535.27           1033724.02                 0.00     0
       892              200534.80           1033730.25                 0.00     0
       893              200534.32           1033736.48                 0.00     0
       894              200533.84           1033742.71                 0.00     0
       895              200533.36           1033748.94                 0.00     0
       896              200532.88           1033755.17                 0.00     0
       897              200532.39           1033761.40                 0.00     0
       898              200531.90           1033767.63                 0.00     0
       899              200531.42           1033773.86                 0.00     0
       900              200530.97           1033779.80                 0.00     0
       901              200530.52           1033785.74                 0.00     0
       902              200530.07           1033791.69                 0.00     0
       903              200529.62           1033797.63                 0.00     0
       904              200373.34           1034305.55                69.03     1
       905              200378.06           1034297.97                68.90     0
       906              200382.78           1034290.38                68.78     0
       907              200385.84           1034285.28                68.70     0
       908              200388.91           1034280.18                68.63     0
       909              200392.93           1034273.34                68.53     0
       910              200396.88           1034266.46                68.42     0
       911              200400.83           1034259.57                68.32     0
       912              200405.44           1034251.19                68.21     0
       913              200410.06           1034242.82                68.09     0
       914              200414.55           1034234.37                67.98     0
       915              200417.82           1034227.98                67.91     0
       916              200421.10           1034221.60                67.85     0
       917              200423.87           1034215.95                67.80     0
       918              200426.64           1034210.30                67.76     0
       919              200430.25           1034202.73                67.71     0
       920              200433.76           1034195.11                67.64     0
       921              200437.28           1034187.49                67.58     0
       922              200439.49           1034182.50                67.52     0
       923              200441.71           1034177.50                67.46     0
       924              200443.92           1034172.51                67.40     0
       925              200446.13           1034167.52                67.34     0
       926              200448.27           1034162.49                67.28     0
       927              200450.41           1034157.47                67.21     0
       928              200453.51           1034149.88                67.15     0
       929              200456.60           1034142.30                67.09     0
       930              200459.99           1034133.64                67.06     0
       931              200463.27           1034124.93                67.05     0
       932              200466.54           1034116.23                67.03     0
       933              200468.26           1034111.48                67.00     0
       934              200469.97           1034106.74                66.98     0
       935              200471.68           1034101.99                66.95     0
       936              200473.40           1034097.25                66.92     0
       937              200475.05           1034092.48                66.89     0
       938              200476.69           1034087.71                66.86     0
       939              200478.92           1034080.96                66.82     0
       940              200481.14           1034074.21                66.78     0
       941              200483.27           1034067.42                66.75     0
       942              200484.82           1034062.32                66.72     0
       943              200486.36           1034057.21                66.69     0
       944              200488.66           1034049.25                66.63     0
       945              200490.86           1034041.26                66.57     0
       946              200493.06           1034033.26                66.51     0
       947              200495.00           1034025.76                66.46     0
       948              200496.95           1034018.25                66.41     0
       949              200498.19           1034013.24                66.38     0
       950              200499.43           1034008.22                66.35     0
       951              200500.61           1034003.18                66.32     0
       952              200501.78           1033998.15                66.29     0
       953              200502.96           1033993.12                66.26     0
       954              200504.13           1033988.08                66.23     0
       955              200505.80           1033980.38                66.17     0
       956              200507.47           1033972.68                66.12     0
       957              200509.06           1033964.96                66.05     0
       958              200510.20           1033959.16                66.00     0
       959              200511.33           1033953.36                65.94     0
       960              200512.90           1033944.63                65.84     0
       961              200514.47           1033935.91                65.74     0
       962              200515.99           1033926.34                65.60     0
       963              200517.50           1033916.77                65.47     0
       964              200518.86           1033907.18                65.32     0
       965              200519.77           1033899.97                65.20     0
       966              200520.68           1033892.76                65.08     0
       967              200521.35           1033886.66                64.97     0
       968              200522.02           1033880.56                64.87     0
       969              200522.61           1033874.45                64.76     0
       970              200523.21           1033868.34                64.65     0
       971              200523.80           1033862.23                64.54     0
       972              200524.39           1033856.12                64.43     0
       973              200525.28           1033846.37                64.23     0
       974              200526.18           1033836.63                64.03     0
       975              200527.07           1033826.88                63.83     0
       976              200527.96           1033817.13                63.63     0
       977              200528.79           1033807.38                63.41     0
       978              200529.62           1033797.63                63.19     0
       979              200373.34           1034305.55                 0.00     1
       980              200369.81           1034311.18                 0.00     0
       981              200366.27           1034316.80                 0.00     0
       982              200362.73           1034322.42                 0.00     0
       983              200359.19           1034328.05                 0.00     0
       984              200355.84           1034333.32                 0.00     0
       985              200352.48           1034338.59                 0.00     0
       986              200349.13           1034343.86                 0.00     0
       987              200345.77           1034349.14                 0.00     0
       988              200340.39           1034357.32                 0.00     0
       989              200335.01           1034365.51                 0.00     0
       990              200335.01           1034365.51                 0.00     1
       991              200331.60           1034370.75                 0.00     0
       992              200328.19           1034375.99                 0.00     0
       993              200324.78           1034381.23                 0.00     0
       994              200321.38           1034386.47                 0.00     0
       995              200317.94           1034391.73                 0.00     0
       996              200314.50           1034397.00                 0.00     0
       997              200311.07           1034402.26                 0.00     0
       998              200307.63           1034407.52                 0.00     0
       999              200304.23           1034412.78                 0.00     0
      1000              200300.83           1034418.04                 0.00     0
      1001              200297.43           1034423.31                 0.00     0
      1002              200294.03           1034428.57                 0.00     0
      1003              200290.69           1034433.92                 0.00     0
      1004              200287.35           1034439.27                 0.00     0
      1005              200284.01           1034444.63                 0.00     0
      1006              200280.66           1034449.98                 0.00     0
      1007              200277.41           1034455.40                 0.00     0
      1008              200274.17           1034460.82                 0.00     0
      1009              200270.92           1034466.24                 0.00     0
      1010              200267.67           1034471.66                 0.00     0
      1011              200264.54           1034477.06                 0.00     0
      1012              200261.41           1034482.47                 0.00     0
      1013              200258.28           1034487.87                 0.00     0
      1014              200255.15           1034493.28                 0.00     0
      1015              200252.37           1034498.34                 0.00     0
      1016              200249.59           1034503.40                 0.00     0
      1017              200246.81           1034508.47                 0.00     0
      1018              200244.04           1034513.53                 0.00     0
      1019              200239.69           1034521.64                 0.00     0
      1020              200235.35           1034529.75                 0.00     0
      1021              200232.49           1034535.42                 0.00     0
      1022              200229.63           1034541.09                 0.00     0
      1023              200226.77           1034546.75                 0.00     0
      1024              200223.91           1034552.42                 0.00     0
      1025              200221.29           1034558.22                 0.00     0
      1026              200218.66           1034564.03                 0.00     0
      1027              200216.03           1034569.83                 0.00     0
      1028              200213.41           1034575.63                 0.00     0
      1029              200211.00           1034581.45                 0.00     0
      1030              200208.59           1034587.26                 0.00     0
      1031              200206.18           1034593.08                 0.00     0
      1032              200203.78           1034598.90                 0.00     0
      1033              200201.46           1034604.89                 0.00     0
      1034              200199.15           1034610.87                 0.00     0
      1035              200196.83           1034616.86                 0.00     0
      1036              200194.52           1034622.85                 0.00     0
      1037              200192.43           1034628.54                 0.00     0
      1038              200190.35           1034634.22                 0.00     0
      1039              200155.97           1034756.24                80.71     1
      1040              200157.55           1034749.72                80.52     0
      1041              200159.08           1034743.38                80.34     0
      1042              200160.61           1034737.05                80.16     0
      1043              200162.25           1034730.28                79.96     0
      1044              200164.10           1034723.36                79.76     0
      1045              200165.84           1034716.87                79.56     0
      1046              200167.57           1034710.38                79.37     0
      1047              200169.43           1034703.45                79.16     0
      1048              200171.66           1034695.90                78.93     0
      1049              200173.75           1034688.79                78.72     0
      1050              200175.85           1034681.68                78.50     0
      1051              200178.12           1034673.98                78.26     0
      1052              200180.63           1034666.41                78.02     0
      1053              200182.94           1034659.44                77.80     0
      1054              200185.26           1034652.46                77.57     0
      1055              200190.35           1034634.22                 0.00     0
      1056              200155.97           1034756.24                80.64     1
      1057              200154.70           1034761.96                80.79     0
      1058              200153.47           1034767.45                80.94     0
      1059              200152.32           1034772.94                81.08     0
      1060              200151.22           1034778.19                81.20     0
      1061              200150.12           1034783.45                81.33     0
      1062              200148.97           1034788.96                81.47     0
      1063              200147.51           1034796.44                81.63     0
      1064              200146.04           1034804.01                81.80     0
      1065              200144.65           1034811.99                82.01     0
      1066              200143.08           1034822.24                82.36     0
      1067              200141.79           1034832.14                82.76     0
      1068              200140.52           1034841.77                83.15     0
      1069              200139.84           1034847.20                83.34     0
      1070              200139.18           1034852.51                83.53     0
      1071              200138.51           1034857.82                83.72     0
      1072              200137.82           1034863.31                83.91     0
      1073              200137.19           1034868.80                84.09     0
      1074              200136.54           1034874.36                84.26     0
      1075              200135.83           1034881.33                84.48     0
      1076              200135.12           1034888.28                84.70     0
      1077              200134.27           1034897.77                85.01     0
      1078              200133.59           1034907.03                85.30     0
      1079              200132.90           1034916.29                85.60     0
      1080              200132.54           1034922.43                85.79     0
      1081              200132.19           1034928.47                85.99     0
      1082              200131.90           1034934.53                86.18     0
      1083              200131.62           1034940.37                86.37     0
      1084              200131.35           1034946.22                86.56     0
      1085              200131.07           1034952.14                86.75     0
      1086              200130.82           1034957.64                86.92     0
      1087              200130.59           1034963.07                87.09     0
      1088              200130.35           1034968.51                87.25     0
      1089              200130.11           1034973.94                87.42     0
      1090              200129.87           1034979.38                87.58     0
      1091              200129.63           1034984.81                87.75     0
      1092              200129.39           1034990.25                87.92     0
      1093              200129.15           1034995.73                88.08     0
      1094              200128.90           1035001.88                88.22     0
      1095              200128.64           1035007.98                88.35     0
      1096              200128.39           1035014.08                88.48     0
      1097              200128.13           1035020.39                88.62     0
      1098              200127.93           1035026.70                88.75     0
      1099              200127.74           1035033.03                88.89     0
      1100              200127.61           1035040.06                89.05     0
      1101              200127.49           1035047.07                89.22     0
      1102              200127.45           1035054.09                89.40     0
      1103              200127.41           1035060.89                89.57     0
      1104              200127.37           1035067.68                89.74     0
      1105              200127.33           1035074.56                89.91     0
      1106              200127.32           1035083.20                90.11     0
      1107              200127.31           1035091.74                90.30     0
      1108              200127.31           1035100.29                90.49     0
      1109              200127.30           1035108.83                90.69     0
