         200429.2250         1031997.6550              14.2550     1
         200429.3051         1031997.0787              14.2449     0
         200429.3433         1031996.8039              14.2408     0
         200429.3435         1031996.8026              14.2408     0
         200430.4835         1031988.1356              14.4703     0
         200431.6875         1031978.9825              14.4545     0
         200431.7818         1031978.2651              14.5284     0
         200432.1764         1031975.2652              14.5010     0
         200435.6714         1031950.4909              14.2622     0
         200438.9962         1031925.6857              14.0322     0
         200443.1313         1031901.0277              13.7602     0
         200446.8225         1031876.2960              13.5113     0
         200447.5768         1031872.1291              13.4624     0
         200447.6497         1031871.7262              13.3735     0
         200447.8603         1031870.5630              13.3554     0
         200449.1934         1031863.1983              13.3011     0
         200451.2780         1031851.6831              13.0980     0
         200451.2780         1031851.6830              13.0980     0
         200451.5172         1031850.2684              13.0839     0
         200455.4460         1031827.0320              12.8520     0
         200455.4463         1031827.0323              12.8520     0
         200455.4460         1031827.0320              12.8520     0
         200457.0370         1031816.8740              12.7350     0
         200459.3150         1031802.3330              12.5680     0
         200459.3153         1031802.3332              12.5680     0
         200460.3280         1031795.8000              12.4970     0
         200462.0924         1031784.4220              12.3730     0
         200463.1460         1031777.6280              12.2990     0
         200463.1458         1031777.6280              12.2990     0
         200463.1460         1031777.6280              12.2990     0
         200466.1017         1031758.9706              12.0143     0
         200467.5160         1031750.0430              11.8780     0
         200467.5161         1031750.0431              11.8780     0
         200467.5160         1031750.0430              11.8780     0
         200472.3900         1031722.2401              11.3100     0
         200472.3900         1031722.2400              11.3100     0
         200473.1888         1031717.6823              11.2048     0
         200474.2350         1031711.7130              11.0670     0
         200474.2359         1031711.7076              11.0669     0
         200481.8670         1031668.1640              10.0600     0
         200481.8670         1031668.1636              10.0600     0
         200487.0689         1031643.6737               9.3413     0
         200487.0707         1031643.6654               9.3411     0
         200487.0710         1031643.6650               9.3410     0
         200487.0713         1031643.6626               9.3411     0
         200488.4788         1031637.1109               9.2715     0
         200488.9001         1031635.1500               9.2492     0
         200490.4207         1031628.0720               9.1735     0
         200490.8942         1031625.8683               9.1478     0
         200491.4596         1031623.2365               9.1194     0
         200491.4875         1031623.1063               9.1176     0
         200491.5120         1031622.9926               9.1163     0
         200491.9905         1031620.7650               9.0904     0
         200492.3079         1031619.2878               9.0742     0
         200492.3126         1031619.2690               9.0737     0
         200492.6310         1031617.9898               9.0447     0
         200493.1954         1031615.7220               8.9966     0
         200493.3290         1031615.1854               8.9845     0
         200493.5744         1031614.1992               8.9632     0
         200493.6137         1031614.0414               8.6112     0
         200493.6140         1031614.0410               8.6100     0
         200496.1161         1031604.3431               8.3781     0
         200501.2672         1031584.3787               7.9007     0
         200501.2730         1031584.3550               7.9000     0
         200501.2734         1031584.3547               7.9000     0
         200501.2740         1031584.3528               7.9000     0
         200509.4296         1031555.3167               7.6531     0
         200514.4775         1031537.3451               7.5005     0
         200514.4850         1031537.3190               7.5000     0
         200514.4849         1031537.3185               7.5003     0
         200518.8892         1031523.0492               7.3686     0
         200524.5367         1031504.7520               7.2000     0
         200524.5382         1031504.7472               7.2000     0
         200524.5380         1031504.7470               7.2000     0
         200528.3624         1031492.5539               7.1565     0
         200533.3086         1031476.7826               7.1009     0
         200533.3225         1031476.7383               7.1007     0
         200533.3230         1031476.7380               7.1000     0
         200549.1185         1031426.8414               7.4001     0
         200549.1278         1031426.8121               7.4001     0
         200549.1280         1031426.8120               7.4000     0
         200559.2649         1031395.2585               7.4900     0
         200559.2708         1031395.2401               7.4901     0
         200559.2710         1031395.2400               7.4900     0
         200573.6135         1031354.0989               7.6700     0
         200573.6160         1031354.0920               7.6700     0
         200573.6160         1031354.0918               7.6700     0
         200588.0421         1031316.8973               7.8400     0
         200588.0580         1031316.8570               7.8400     0
         200588.0579         1031316.8565               7.8402     0
         200588.0610         1031316.8491               7.8403     0
         200589.9739         1031312.2220               7.8904     0
         200590.9080         1031309.9620               7.9150     0
         200590.9083         1031309.9616               7.9150     0
         200419.3015         1032068.9094              28.4628     1
         200419.4801         1032067.6946              34.7214     0
         200419.5041         1032067.5308              35.5630     0
         200419.5375         1032067.3037              36.3258     0
         200419.5553         1032067.1829              35.5213     0
         200419.5720         1032067.0695              37.1691     0
         200419.6094         1032066.8145              41.2566     0
         200419.6639         1032066.4439              39.2370     0
         200419.6704         1032066.3994              39.0013     0
         200419.7733         1032065.6995              38.1213     0
         200419.7882         1032065.5983              38.0018     0
         200420.1192         1032063.3465              38.0216     0
         200420.1662         1032063.0264              37.9843     0
         200420.2262         1032062.6181              37.7137     0
         200420.2405         1032062.5208              37.6608     0
         200420.3902         1032061.5025              37.6807     0
         200420.4365         1032061.1876              37.6867     0
         200420.6747         1032059.5664              37.7779     0
         200421.1293         1032056.2417              37.9650     0
         200422.0712         1032049.3531              38.3472     0
         200422.5339         1032045.9691              38.5261     0
         200423.7056         1032037.4002              38.9826     0
         200423.7294         1032037.2256              38.9920     0
         200423.8891         1032036.0579              39.0517     0
         200424.0589         1032034.8160              39.1154     0
         200425.6406         1032023.4383              39.6985     0
         200426.5955         1032016.5693              40.0333     0
         200427.7713         1032008.1122              40.4665     0
         200427.8631         1032007.4517              40.6198     0
         200427.9052         1032007.1489              40.7055     0
         200428.5507         1032002.5051              40.9942     0
         200428.7142         1032001.3290              41.0859     0
         200428.8189         1032000.5763              43.9134     0
         200428.8420         1032000.4103              44.5081     0
         200428.9300         1031999.7769              41.4821     0
         200428.9732         1031999.4666              39.6702     0
         200429.0845         1031998.6657              34.8498     0
         200429.2227         1031997.6719              28.2092     0
         200476.5350         1034088.1709              66.9094     1
         200476.6929         1034087.7139              66.9066     0
         200477.2309         1034086.0794              66.8963     0
         200477.2532         1034086.0116              66.8959     0
         200481.1393         1034074.2052              66.8316     0
         200482.9568         1034068.4252              66.8003     0
         200483.2724         1034067.4216              66.7940     0
         200483.3240         1034067.2509              66.7930     0
         200483.8380         1034065.5503              66.7802     0
         200486.3585         1034057.2114              66.7112     0
         200488.6636         1034049.2489              66.6452     0
         200490.0295         1034044.2807              66.6039     0
         200490.2437         1034043.5018              66.5979     0
         200490.3164         1034043.2372              66.5960     0
         200490.6350         1034042.0782              66.5889     0
         200493.0585         1034033.2632              66.5285     0
         200496.2899         1034020.7979              66.4379     0
         200496.7456         1034019.0400              66.4265     0
         200496.9498         1034018.2525              66.4227     0
         200497.2839         1034016.9017              66.4155     0
         200499.4323         1034008.2169              66.3674     0
         200502.5341         1033994.9264              66.2855     0
         200502.5597         1033994.8164              66.2849     0
         200502.5973         1033994.6556              66.2839     0
         200502.6043         1033994.6256              66.2837     0
         200502.6343         1033994.4970              66.2826     0
         200504.1316         1033988.0812              66.2319     0
         200506.5752         1033976.8186              66.1345     0
         200507.4735         1033972.6778              66.0980     0
         200507.6812         1033971.6684              66.0886     0
         200507.7130         1033971.5136              66.0871     0
         200508.2472         1033968.9167              66.0659     0
         200509.0613         1033964.9586              66.0305     0
         200511.3317         1033953.3579              65.9214     0
         200511.7741         1033950.8974              65.8963     0
         200512.2885         1033948.0366              65.8686     0
         200512.4733         1033947.0089              65.8588     0
         200512.4804         1033946.9691              65.8584     0
         200513.0197         1033943.9700              65.8284     0
         200514.4694         1033935.9070              65.7528     0
         200516.3863         1033923.8106              65.6263     0
         200516.6232         1033922.3159              65.6316     0
         200516.6798         1033921.9586              65.6209     0
         200516.8037         1033921.1769              65.5919     0
         200517.5021         1033916.7702              65.5177     0
         200518.8557         1033907.1777              65.3505     0
         200519.8692         1033899.1464              65.2064     0
         200519.9728         1033898.3253              65.1915     0
         200519.9755         1033898.3039              65.1911     0
         200520.1355         1033897.0361              65.1731     0
         200520.6749         1033892.7621              65.1144     0
         200522.0197         1033880.5584              64.9440     0
         200522.5941         1033874.6427              64.8603     0
         200522.7098         1033873.4511              64.8428     0
         200523.0216         1033870.2401              64.7732     0
         200524.3929         1033856.1172              64.4735     0
         200525.0103         1033849.3679              64.3303     0
         200525.0835         1033848.5679              64.3130     0
         200527.0783         1033826.7608              63.8495     0
         200527.3603         1033823.6776              63.7848     0
         200527.9590         1033817.1329              63.6418     0
         200529.1638         1033802.9876              63.3322     0
         200529.5224         1033798.7770              63.2367     0
         200529.5308         1033798.6793              63.2344     0
         200529.6201         1033797.6304              63.2104     0
         200531.4154         1033773.8690              62.6713     0
         200531.4160         1033773.8550              62.6710     0
         200531.4164         1033773.8548              62.6710     0
         200531.4173         1033773.8436              62.6708     0
         200533.3650         1033748.9370              62.1490     0
         200533.3651         1033748.9369              62.1490     0
         200533.3653         1033748.9346              62.1489     0
         200535.2710         1033724.0160              61.5360     0
         200535.2712         1033724.0155              61.5360     0
         200535.2715         1033724.0116              61.5359     0
         200536.9634         1033699.0765              60.8490     0
         200536.9630         1033699.0760              60.8490     0
         200536.9642         1033699.0643              60.8488     0
         200537.7423         1033687.0901              60.6057     0
         200538.6320         1033673.4070              60.3280     0
         200538.6315         1033673.4069              60.3284     0
         200538.6328         1033673.3867              60.3280     0
         200540.2250         1033648.4620              59.7530     0
         200540.2245         1033648.4618              59.7534     0
         200540.2257         1033648.4400              59.7529     0
         200541.2306         1033629.5211              59.3394     0
         200541.5499         1033623.5079              59.2081     0
         200541.5501         1033623.5041              59.2080     0
         200541.5500         1033623.5040              59.2080     0
         200541.8776         1033617.2474              59.0353     0
         200542.8565         1033598.5454              58.5194     0
         200542.8570         1033598.5450              58.5190     0
         200542.8576         1033598.5233              58.5189     0
         200543.4742         1033586.0902              58.2287     0
         200544.0899         1033573.6730              57.9392     0
         200544.0904         1033573.6632              57.9390     0
         200544.0900         1033573.6630              57.9390     0
         200545.1351         1033548.9949              57.4125     0
         200545.1480         1033548.6913              57.4060     0
         200545.1480         1033548.6910              57.4060     0
         200545.1650         1033548.2617              57.3957     0
         200546.1371         1033523.7247              56.8072     0
         200546.1370         1033523.7170              56.8070     0
         200546.1374         1033523.7170              56.8070     0
         200546.6830         1033509.8874              56.4908     0
         200547.1230         1033498.7430              56.2360     0
         200547.1227         1033498.7425              56.2364     0
         200547.1234         1033498.7246              56.2360     0
         200548.0309         1033473.7653              55.6582     0
         200548.0310         1033473.7650              55.6580     0
         200548.7576         1033448.8125              55.0544     0
         200548.7590         1033448.7820              55.0530     0
         200548.7585         1033448.7816              55.0538     0
         200548.7593         1033448.7494              55.0531     0
         200549.3540         1033423.9610              54.5130     0
         200549.3536         1033423.9606              54.5136     0
         200549.3543         1033423.9356              54.5131     0
         200550.0150         1033398.9720              54.0320     0
         200550.0150         1033398.9718              54.0320     0
         200550.0150         1033398.9720              54.0320     0
         200550.1207         1033397.9731              53.9880     0
         200550.1210         1033397.9730              53.9880     0
         200550.1209         1033397.9644              53.9878     0
         200550.1935         1033393.9745              53.8830     0
         200550.1940         1033393.9740              53.8830     0
         200550.1947         1033393.9266              53.8821     0
         200550.5235         1033380.9802              53.6480     0
         200550.5240         1033380.9800              53.6480     0
         200550.5242         1033380.9545              53.6475     0
         200550.6960         1033373.9860              53.5110     0
         200550.6956         1033373.9855              53.5110     0
         200550.8238         1033349.0123              52.8845     0
         200550.8240         1033348.9910              52.8840     0
         200550.8239         1033348.9910              52.8840     0
         200550.8237         1033348.9693              52.8833     0
         200550.5837         1033324.3612              52.1520     0
         200550.5840         1033324.3610              52.1520     0
         200550.5830         1033324.3088              52.1506     0
         200550.2440         1033299.3530              51.4880     0
         200550.2435         1033299.3528              51.4880     0
         200550.2401         1033299.2567              51.4855     0
         200549.6941         1033283.7244              51.0813     0
         200549.3656         1033274.3822              50.8383     0
         200549.3650         1033274.3730              50.8380     0
         200549.3653         1033274.3729              50.8380     0
         200549.3647         1033274.3628              50.8377     0
         200548.7038         1033262.6387              50.5384     0
         200547.9623         1033249.4862              50.2027     0
         200547.9590         1033249.4210              50.2010     0
         200547.9587         1033249.4210              50.2010     0
         200547.4160         1033242.4481              50.0122     0
         200546.6220         1033232.2510              49.7360     0
         200546.6225         1033232.2510              49.7360     0
         200546.6209         1033232.2355              49.7357     0
         200544.0880         1033207.3590              49.1450     0
         200544.0881         1033207.3587              49.1450     0
         200544.0879         1033207.3569              49.1450     0
         200542.5645         1033192.3932              48.8147     0
         200542.3658         1033190.4418              48.7717     0
         200541.7409         1033184.3045              48.6294     0
         200541.6114         1033183.0323              48.5999     0
         200541.4610         1033181.5554              48.5643     0
         200541.1399         1033178.4014              48.4882     0
         200540.8471         1033175.5253              48.4156     0
         200540.4631         1033171.7537              48.3258     0
         200539.7690         1033164.9367              48.1634     0
         200539.2426         1033159.7664              48.0403     0
         200539.0766         1033158.1355              47.9976     0
         200538.8772         1033156.1771              47.9514     0
         200538.7936         1033155.3556              47.9310     0
         200537.5498         1033143.1391              47.6266     0
         200536.5210         1033133.2423              47.3791     0
         200536.0221         1033128.4420              47.2763     0
         200534.9530         1033118.4994              47.0619     0
         200534.7353         1033116.5281              47.0192     0
         200533.8555         1033108.5598              46.8535     0
         200533.8428         1033108.4473              46.8511     0
         200532.7297         1033098.6233              46.6530     0
         200532.3168         1033095.0700              46.5809     0
         200531.5755         1033088.6902              46.4650     0
         200530.9449         1033083.3957              46.3681     0
         200530.3929         1033078.7603              46.2929     0
         200529.8079         1033073.9647              46.2145     0
         200529.1819         1033068.8339              46.1446     0
         200527.9427         1033058.9110              46.0082     0
         200527.8758         1033058.3879              46.0009     0
         200526.6750         1033048.9917              45.8748     0
         200525.3791         1033039.0760              45.7404     0
         200524.8277         1033034.9488              45.6839     0
         200524.6243         1033033.4266              45.6669     0
         200524.0587         1033029.1930              45.6257     0
         200524.0548         1033029.1641              45.6254     0
         200523.8230         1033027.4659              45.6084     0
         200523.7157         1033026.6801              45.5992     0
         200522.7023         1033019.2560              45.5210     0
         200521.3214         1033009.3518              45.4157     0
         200521.0551         1033007.4809              45.3956     0
         200519.9122         1032999.4516              45.3434     0
         200519.0598         1032993.5824              45.3048     0
         200518.4748         1032989.5554              45.2861     0
         200517.4003         1032982.3030              45.2517     0
         200517.0092         1032979.6634              45.2402     0
         200515.8650         1032972.0905              45.2064     0
         200515.5152         1032969.7756              45.1884     0
         200513.9931         1032959.8922              45.1104     0
         200513.5683         1032957.1855              45.0888     0
         200512.4427         1032950.0131              45.0340     0
         200510.5793         1032938.2488              44.9436     0
         200510.5325         1032937.9537              44.9353     0
         200510.4832         1032937.6423              44.9268     0
         200510.4318         1032937.3180              44.9181     0
         200510.3773         1032936.9736              44.9100     0
         200510.3188         1032936.6045              44.9016     0
         200510.2568         1032936.2129              44.8928     0
         200510.1910         1032935.7977              44.8838     0
         200510.1219         1032935.3614              44.8754     0
         200510.0499         1032934.9066              44.8669     0
         200509.4735         1032931.2681              44.8263     0
         200509.4647         1032931.2125              44.8234     0
         200509.4536         1032931.1426              44.8196     0
         200509.4403         1032931.0583              44.8168     0
         200509.4247         1032930.9601              44.8151     0
         200509.4070         1032930.8480              44.8125     0
         200509.3871         1032930.7228              44.8112     0
         200509.3655         1032930.5861              44.8112     0
         200509.3422         1032930.4393              44.8105     0
         200509.3176         1032930.2837              44.8111     0
         200509.2918         1032930.1208              44.8121     0
         200507.3118         1032917.6205              44.4703     0
         200507.3100         1032917.6090              44.4700     0
         200507.3099         1032917.6090              44.4700     0
         200507.3094         1032917.6056              44.4699     0
         200505.9242         1032908.8605              44.1681     0
         200503.3530         1032892.6290              43.6080     0
         200503.3531         1032892.6285              43.6080     0
         200499.0870         1032868.2180              42.6650     0
         200499.0871         1032868.2179              42.6650     0
         200497.4119         1032860.2508              42.3236     0
         200493.9450         1032843.7620              41.6170     0
         200493.9448         1032843.7620              41.6171     0
         200493.9432         1032843.7552              41.6167     0
         200489.8168         1032826.1253              40.7681     0
         200489.8170         1032826.1250              40.7680     0
         200489.8134         1032826.1130              40.7676     0
         200486.9004         1032815.4797              40.3248     0
         200483.2174         1032802.0361              39.7650     0
         200483.2170         1032802.0360              39.7650     0
         200476.0731         1032778.5012              38.7670     0
         200476.0730         1032778.5010              38.7670     0
         200474.9576         1032775.1550              38.6278     0
         200468.2438         1032755.0158              37.7901     0
         200468.2430         1032755.0134              37.7900     0
         200468.2425         1032755.0119              37.7900     0
         200466.3799         1032749.3938              37.5637     0
         200460.3827         1032731.3048              36.8350     0
         200460.3824         1032731.3038              36.8350     0
         200460.3820         1032731.3040              36.8350     0
         200454.7727         1032713.1041              36.1422     0
         200452.9669         1032707.2452              35.9192     0
         200452.9658         1032707.2419              35.9190     0
         200452.9651         1032707.2397              35.9190     0
         200445.0775         1032683.1313              34.9927     0
         200445.0743         1032683.1214              34.9924     0
         200445.0736         1032683.1193              34.9923     0
         200445.0712         1032683.1109              34.9919     0
         200438.4165         1032659.6108              34.0707     0
         200438.2670         1032659.0830              34.0500     0
         200438.2670         1032659.0830              34.0500     0
         200438.2670         1032659.0830              34.0500     0
         200431.7442         1032634.5403              33.0410     0
         200431.7440         1032634.5400              33.0410     0
         200431.7433         1032634.5368              33.0409     0
         200426.0250         1032610.2240              31.9420     0
         200426.0251         1032610.2239              31.9420     0
         200426.0244         1032610.2211              31.9419     0
         200420.1604         1032585.4764              30.9090     0
         200420.1600         1032585.4760              30.9090     0
         200420.1585         1032585.4667              30.9086     0
         200417.0402         1032569.8752              30.2527     0
         200415.2054         1032560.7009              29.8670     0
         200415.2018         1032560.6830              29.8663     0
         200415.2004         1032560.6753              29.8658     0
         200410.7945         1032536.1050              28.8766     0
         200410.7926         1032536.0946              28.8763     0
         200410.7905         1032536.0814              28.8756     0
         200408.7700         1032523.1402              28.3629     0
         200406.8554         1032510.8782              27.8773     0
         200406.8543         1032510.8710              27.8770     0
         200406.8540         1032510.8710              27.8770     0
         200403.5700         1032486.1172              26.9534     0
         200403.5680         1032486.1060              26.9530     0
         200403.5685         1032486.1058              26.9530     0
         200400.7483         1032460.8716              25.9031     0
         200400.7481         1032460.8705              25.9030     0
         200400.7480         1032460.8700              25.9030     0
         200400.2847         1032455.5692              25.6998     0
         200398.5292         1032435.4882              24.9303     0
         200398.5287         1032435.4821              24.9301     0
         200398.5281         1032435.4735              24.9298     0
         200397.2092         1032417.5923              24.2622     0
         200396.6910         1032410.5690              24.0000     0
         200396.6911         1032410.5687              24.0000     0
         200395.2986         1032385.2479              22.9522     0
         200395.2980         1032385.2420              22.9520     0
         200395.2982         1032385.2419              22.9520     0
         200395.2981         1032385.2369              22.9518     0
         200394.3910         1032359.8140              22.0900     0
         200394.3912         1032359.8138              22.0900     0
         200394.3966         1032344.2162              21.5450     0
         200394.3999         1032334.8312              21.2172     0
         200394.3999         1032334.8287              21.2172     0
         200394.3999         1032334.8254              21.2172     0
         200394.6150         1032309.2960              20.3300     0
         200394.6148         1032309.2962              20.3306     0
         200395.8483         1032284.3485              19.5571     0
         200395.8488         1032284.3386              19.5564     0
         200395.8488         1032284.3374              19.5563     0
         200395.8490         1032284.3310              19.5561     0
         200396.1544         1032271.8182              19.2368     0
         200396.4671         1032259.0091              18.9102     0
         200396.4670         1032259.0030              18.9100     0
         200396.4673         1032259.0029              18.9100     0
         200396.4670         1032259.0030              18.9100     0
         200398.9900         1032233.7050              18.3570     0
         200398.9901         1032233.7049              18.3570     0
         200401.9040         1032208.8780              17.6110     0
         200401.9041         1032208.8775              17.6110     0
         200404.2397         1032188.0752              17.1098     0
         200404.7190         1032183.8061              17.0070     0
         200404.7190         1032183.8060              17.0070     0
         200404.9749         1032181.4415              16.9598     0
         200407.4200         1032158.8490              16.5090     0
         200407.4202         1032158.8489              16.5090     0
         200407.4200         1032158.8490              16.5090     0
         200410.6411         1032134.0200              16.0190     0
         200410.6410         1032134.0200              16.0190     0
         200412.6862         1032118.0790              15.7779     0
         200413.8219         1032109.2262              15.6440     0
         200413.8220         1032109.2260              15.6440     0
         200417.0366         1032084.3223              15.3506     0
         200417.0395         1032084.2994              15.3504     0
         200417.0400         1032084.2990              15.3500     0
         200419.2057         1032069.5614              15.1306     0
         200419.2081         1032069.5477              15.1300     0
         200457.9402         1034138.8776              81.3465     1
         200457.9534         1034138.8439              85.9101     0
         200457.9673         1034138.8083              89.0510     0
         200457.9734         1034138.7927              92.0529     0
         200458.0833         1034138.5116              91.9848     0
         200458.4060         1034137.6863              91.7517     0
         200458.4179         1034137.6559              91.2425     0
         200458.4444         1034137.5881              89.1467     0
         200458.8333         1034136.5937              89.1131     0
         200459.9897         1034133.6363              88.9499     0
         200460.4396         1034132.4409              88.8844     0
         200461.0051         1034130.9381              88.7916     0
         200461.0149         1034130.9122              88.7747     0
         200461.1928         1034130.4396              88.3955     0
         200466.5421         1034116.2253              88.0919     0
         200469.9628         1034106.7573              87.8882     0
         200470.5729         1034105.0684              87.8616     0
         200470.8555         1034104.2864              87.8462     0
         200472.2468         1034100.4355              87.7485     0
         200472.4496         1034099.8741              87.7336     0
         200473.3981         1034097.2488              87.6718     0
         200473.8032         1034096.0763              87.6440     0
         200474.1214         1034095.1555              87.6298     0
         200474.2978         1034094.6451              87.6272     0
         200474.4576         1034094.1827              88.0610     0
         200474.5137         1034094.0204              88.1949     0
         200475.1055         1034092.3078              88.2221     0
         200475.5183         1034091.1132              88.2526     0
         200475.5971         1034090.8849              91.0847     0
         200475.5983         1034090.8815              91.2210     0
         200475.7680         1034090.3904              86.8224     0
         200476.0203         1034089.6602              80.9016     0
         200190.3474         1034634.2202              78.3659     1
         200190.3470         1034634.2200              78.3660     0
         200190.3478         1034634.2192              78.3659     0
         200190.4468         1034633.9492              78.6766     0
         200190.4851         1034633.8450              78.6694     0
         200190.7404         1034633.1491              78.6266     0
         200191.0637         1034632.2680              78.5679     0
         200193.6464         1034625.2285              78.1303     0
         200194.5190         1034622.8510              77.9830     0
         200194.5187         1034622.8511              77.9837     0
         200194.5190         1034622.8510              77.9830     0
         200194.5193         1034622.8495              77.9836     0
         200195.5597         1034620.1574              77.9053     0
         200196.7814         1034616.9963              77.8140     0
         200196.7820         1034616.9940              77.8140     0
         200197.5343         1034615.0483              77.7576     0
         200198.1820         1034613.3730              77.7090     0
         200198.2121         1034613.2944              77.7068     0
         200198.2770         1034613.1250              77.7020     0
         200198.4020         1034612.8031              77.6921     0
         200198.4160         1034612.7670              77.6910     0
         200199.1810         1034610.7880              77.6340     0
         200199.1818         1034610.7852              77.6345     0
         200201.1046         1034605.8102              77.4900     0
         200203.7745         1034598.9018              77.2901     0
         200203.7760         1034598.8970              77.2900     0
         200203.7764         1034598.8967              77.2900     0
         200207.0946         1034590.8790              77.0778     0
         200209.6720         1034584.6520              76.9130     0
         200209.6727         1034584.6497              76.9136     0
         200213.2208         1034576.0765              76.6859     0
         200213.4060         1034575.6290              76.6740     0
         200213.4061         1034575.6288              76.6740     0
         200213.5528         1034575.3046              76.6654     0
         200223.9075         1034552.4290              76.0591     0
         200223.9110         1034552.4220              76.0580     0
         200223.9109         1034552.4215              76.0587     0
         200223.9130         1034552.4173              76.0579     0
         200223.9181         1034552.4072              76.0576     0
         200235.3460         1034529.7500              75.2200     0
         200235.3457         1034529.7496              75.2209     0
         200235.3520         1034529.7379              75.2198     0
         200244.0370         1034513.5330              74.6690     0
         200244.0371         1034513.5325              74.6691     0
         200245.2167         1034511.3816              74.5969     0
         200247.2907         1034507.6000              74.4701     0
         200247.2920         1034507.5970              74.4700     0
         200251.2183         1034500.4386              74.2296     0
         200255.1466         1034493.2761              73.9893     0
         200255.1470         1034493.2760              73.9890     0
         200255.1535         1034493.2642              73.9889     0
         200265.5886         1034475.2479              73.4778     0
         200267.6680         1034471.6578              73.3760     0
         200267.6690         1034471.6560              73.3760     0
         200267.6692         1034471.6558              73.3760     0
         200269.4121         1034468.7480              73.2973     0
         200280.6630         1034449.9780              72.7890     0
         200280.6628         1034449.9777              72.7893     0
         200280.6720         1034449.9629              72.7888     0
         200287.3442         1034439.2776              72.4586     0
         200294.0258         1034428.5770              72.1282     0
         200294.0313         1034428.5682              72.1280     0
         200294.0310         1034428.5680              72.1280     0
         200303.2499         1034414.2987              71.6996     0
         200307.6300         1034407.5190              71.4960     0
         200307.6299         1034407.5188              71.4961     0
         200307.6351         1034407.5108              71.4959     0
         200321.3758         1034386.4711              70.9191     0
         200321.3760         1034386.4710              70.9190     0
         200321.3791         1034386.4660              70.9190     0
         200325.1938         1034380.5989              70.7624     0
         200335.0011         1034365.5147              70.3602     0
         200335.0070         1034365.5050              70.3600     0
         200335.0075         1034365.5049              70.3600     0
         200345.7708         1034349.1406              69.9911     0
         200345.7730         1034349.1370              69.9910     0
         200345.7733         1034349.1369              69.9910     0
         200359.1870         1034328.0581              69.5552     0
         200359.1940         1034328.0460              69.5550     0
         200359.1945         1034328.0463              69.5550     0
         200359.4053         1034327.7111              69.5477     0
         200372.5044         1034306.8863              69.1190     0
         200373.3432         1034305.5528              69.0848     0
         200374.6861         1034303.3932              69.0390     0
         200382.7771         1034290.3815              68.8307     0
         200385.6411         1034285.6184              68.7551     0
         200387.1521         1034283.1053              68.7171     0
         200388.9112         1034280.1797              68.6740     0
         200392.9340         1034273.3403              68.5754     0
         200398.2680         1034264.0337              68.4445     0
         200399.0111         1034262.7372              68.4292     0
         200400.8254         1034259.5716              68.3880     0
         200410.0514         1034242.8333              68.1589     0
         200410.0615         1034242.8149              68.1587     0
         200414.5503         1034234.3658              68.0707     0
         200419.9939         1034223.7483              67.9539     0
         200421.0973         1034221.5961              67.9287     0
         200421.5652         1034220.6430              67.9173     0
         200422.6369         1034218.4599              67.8989     0
         200426.6426         1034210.3003              67.8338     0
         200430.2478         1034202.7251              67.7733     0
         200432.3841         1034198.0958              67.7363     0
         200437.2788         1034187.4890              67.6044     0
         200440.3992         1034180.4476              67.5171     0
         200442.0132         1034176.8054              67.5146     0
         200442.6599         1034175.3462              67.4937     0
         200443.6639         1034173.0806              67.4175     0
         200446.1302         1034167.5152              67.3388     0
         200450.4082         1034157.4651              67.1916     0
         200451.4737         1034154.8562              67.1522     0
         200451.9293         1034153.7406              67.1651     0
         200452.1215         1034153.2700              67.1545     0
         200452.6933         1034151.8699              67.1339     0
         200456.6025         1034142.2985              67.1240     0
         200456.8029         1034141.7860              67.1234     0
         200457.5776         1034139.8048              67.1194     0
         200457.5914         1034139.7696              67.1192     0
